0 1
0 2
0 3
0 4
0 5
0 6
0 7
0 8
0 9
0 10
0 11
0 12
0 13
0 14
0 15
0 16
0 17
0 18
0 19
0 20
0 21
0 22
0 23
0 24
0 25
0 26
0 27
0 28
0 29
0 30
0 31
0 32
0 33
0 34
0 35
0 36
0 37
0 38
0 39
0 40
0 41
0 42
0 43
0 44
0 45
0 46
0 47
1 48
1 53
1 54
1 73
1 88
1 92
2 20
2 115
2 116
2 149
2 226
2 312
2 326
2 333
3 9
3 25
3 26
3 67
3 72
3 85
3 122
3 142
3 170
3 188
3 200
3 228
3 274
3 280
3 283
3 323
5 87
5 122
5 156
5 158
5 169
5 180
5 187
5 204
5 213
5 235
5 315
5 316
6 89
6 95
6 147
6 219
6 319
7 22
7 31
7 38
7 65
7 87
7 103
7 129
7 136
7 168
7 213
7 246
7 291
7 304
7 308
7 315
7 322
7 339
7 340
7 347
8 91
8 110
8 193
8 201
8 245
8 259
9 272
9 276
9 277
9 280
9 285
9 291
9 295
9 297
9 304
9 315
9 322
9 323
9 329
9 334
9 341
9 342
10 67
10 142
10 169
10 200
10 277
10 285
10 291
10 323
10 332
13 21
13 26
13 56
13 59
13 65
13 67
13 82
13 98
13 109
13 118
13 119
13 148
13 172
13 188
13 199
13 211
13 223
13 236
13 238
13 239
13 252
13 261
13 265
13 271
13 277
20 115
20 149
20 162
20 214
20 226
20 312
20 326
20 333
20 343
21 25
21 26
21 31
21 39
21 40
21 55
21 56
21 66
21 67
21 88
21 98
21 104
21 105
21 108
21 109
21 119
21 121
21 122
21 123
21 127
21 134
21 136
21 142
21 159
21 161
21 165
21 169
21 170
21 184
21 186
21 188
21 197
21 200
21 203
21 212
373 497
373 498
373 500
373 502
373 506
373 507
373 513
373 514
373 515
373 517
373 520
373 523
373 524
373 525
373 527
373 528
373 542
373 544
373 545
373 546
373 548
373 553
373 556
373 558
373 559
373 561
373 563
373 565
373 566
373 567
373 580
373 587
373 590
373 591
373 604
373 606
373 614
373 634
373 637
373 641
373 645
373 651
373 669
373 680
373 683
374 376
374 378
374 391
374 402
374 412
374 414
374 417
374 418
374 419
374 420
374 430
374 431
374 432
374 438
374 439
374 444
374 451
374 456
374 460
374 461
374 463
374 465
374 475
374 482
374 483
374 488
374 492
374 496
374 497
374 500
374 504
374 506
374 507
374 510
374 513
374 514
374 515
374 517
374 520
374 521
374 523
374 524
374 525
374 526
374 527
374 535
374 544
374 545
374 553
374 556
374 559
374 561
374 563
374 565
374 566
374 567
374 569
374 570
374 591
374 614
374 669
374 683
375 398
375 404
375 408
375 409
375 431
375 456
375 479
375 484
375 493
375 494
375 503
375 525
375 526
375 538
376 378
376 387
376 388
376 390
376 391
376 394
376 395
376 396
376 397
376 400
376 402
376 405
376 410
376 412
376 413
376 414
376 417
376 419
376 420
376 423
376 426
376 428
376 431
376 432
376 434
376 436
376 438
376 439
376 442
376 444
376 446
376 450
376 452
376 456
376 458
376 460
376 461
376 463
376 465
376 471
376 473
376 475
376 481
376 482
376 483
376 487
376 488
376 489
376 490
376 491
376 492
376 496
376 497
376 500
376 502
376 506
376 507
376 511
376 513
376 514
376 515
376 517
376 519
376 520
376 523
376 524
376 525
376 526
376 527
376 531
376 538
376 542
376 544
376 545
376 546
376 547
376 548
376 553
376 555
376 556
376 557
376 559
376 561
376 563
376 566
376 567
376 570
376 580
376 586
376 587
376 591
376 604
376 606
376 610
376 614
376 634
376 637
376 645
376 646
376 651
376 652
376 669
376 673
376 676
376 683
376 1095
376 1179
376 1300
376 1313
376 1343
376 1357
376 1358
376 1374
376 1487
376 1536
376 1616
376 1767
376 1777
376 1897
377 383
378 391
378 394
378 400
378 412
378 414
378 417
378 423
378 426
378 428
378 431
378 434
378 436
378 452
378 456
378 461
378 465
378 471
378 475
378 482
378 483
378 484
378 487
378 488
378 492
378 495
378 496
378 497
378 500
378 502
378 506
378 513
378 514
378 515
378 517
378 524
378 527
378 542
378 544
378 553
378 559
378 561
378 563
378 566
378 580
378 591
378 604
378 614
378 637
378 641
